mu  sigma r k
0	1000	2	41
0	1000	2	41
0	1000	2	41
0	1000	2	45
0	1000	2	49
0	1000	2	22
0	1000	2	35
0	1000	2	34
0	1000	2	41
0	1000	2	40
0	1000	2	48
0	1000	2	28
0	1000	2	32
0	1000	2	25
0	1000	2	45
0	1000	2	23
0	1000	2	34
0	1000	2	20
0	1000	2	32
0	1000	2	26
0	1000	2	46
0	1000	2	39
0	1000	2	50
0	1000	2	45
0	1000	2	18
0	1000	2	41
0	1000	2	43
0	1000	2	42
0	1000	2	45
0	1000	2	36
0	1000	2	39
0	1000	2	39
0	1000	2	24
0	1000	2	45
0	1000	2	48
0	1000	2	34
0	1000	2	28
0	1000	2	29
0	1000	2	32
0	1000	2	46
0	1000	2	40
0	1000	2	18
0	1000	2	32
0	1000	2	30
0	1000	2	24
0	1000	2	29
0	1000	2	37
0	1000	2	33
0	1000	2	28
0	1000	2	28
0	1000	2	49
0	1000	2	50
0	1000	2	26
0	1000	2	15
0	1000	2	45
0	1000	2	38
0	1000	2	47
0	1000	2	48
0	1000	2	26
0	1000	2	44
0	1000	2	35
0	1000	2	46
0	1000	2	21
