mu	sigma	r	k
0	1000	2	82
0	1000	2	82
0	1000	2	89
0	1000	2	27
0	1000	2	45
0	1000	2	58
0	1000	2	96
0	1000	2	62
0	1000	2	67
0	1000	2	49
0	1000	2	29
0	1000	2	73
0	1000	2	88
0	1000	2	91
0	1000	2	35
0	1000	2	57
0	1000	2	45
0	1000	2	72
0	1000	2	96
0	1000	2	23
0	1000	2	41
0	1000	2	94
0	1000	2	32
0	1000	2	85
0	1000	2	54
0	1000	2	70
0	1000	2	32
0	1000	2	78
0	1000	2	34
0	1000	2	76
0	1000	2	70
0	1000	2	85
0	1000	2	36
0	1000	2	54
0	1000	2	80
0	1000	2	46
0	1000	2	54
0	1000	2	75
0	1000	2	75
0	1000	2	29
0	1000	2	44
0	1000	2	50
0	1000	2	90
0	1000	2	29
0	1000	2	98
0	1000	2	82
0	1000	2	54
0	1000	2	99
0	1000	2	49
0	1000	2	41
0	1000	2	34
0	1000	2	52
0	1000	2	70
0	1000	2	33
0	1000	2	31
0	1000	2	65
0	1000	2	90
0	1000	2	66
0	1000	2	61
0	1000	2	61
0	1000	2	27
0	1000	2	78
0	1000	2	58
0	1000	2	69
0	1000	2	53
0	1000	2	47
0	1000	2	35
0	1000	2	35
0	1000	2	31
0	1000	2	41
0	1000	2	64
0	1000	2	96
0	1000	2	21
0	1000	2	80
0	1000	2	73
0	1000	2	72
0	1000	2	48
0	1000	2	94
0	1000	2	81
0	1000	2	49
0	1000	2	78
0	1000	2	65
0	1000	2	85
0	1000	2	67
0	1000	2	81
0	1000	2	51
0	1000	2	49
0	1000	2	29
0	1000	2	55
0	1000	2	22
0	1000	2	77
0	1000	2	97
0	1000	2	83
0	1000	2	71
0	1000	2	22
0	1000	2	84
0	1000	2	71
0	1000	2	23
0	1000	2	42
0	1000	2	49
0	1000	2	95
0	1000	2	90
0	1000	2	74
0	1000	2	25
0	1000	2	95
0	1000	2	63
0	1000	2	86
0	1000	2	21
0	1000	2	57
0	1000	2	33
0	1000	2	93
0	1000	2	76
0	1000	2	26
0	1000	2	79
0	1000	2	75
0	1000	2	44
0	1000	2	46
0	1000	2	47
0	1000	2	72
0	1000	2	45
0	1000	2	98
